## sEMG sensor data example payload
{
  "timeStamp": "2026-03-23T14:22:31.482915",
  "index": 0,
  "data": [0.0132, 0.0048, 0.0191, 0.0017, 0.0104, 0.0063],
  "feaisability": [true, true, true, true, true, true]
}

## Polar H10 hr payload 
{
  "clientId":"PSL-9633892",
  "deviceId":"CBAFDE27",
  "sessionId":1705329754,
  "timeStamp":1705329768359,
  "hr":73,
  "hrv":15.8,
  "rr":[870,900]
}

## Polar H10 ecg payload  

{
  "clientId":"PSL-9633892",
  "deviceId":"CBAFDE27",
  "sessionId":1705329754,
  "sampleRate":130,
  "timeStamp":1705329763736,
  "sensorTimeStamp":599616645328871901,
  "ecg":[104,116,116,111,111,92,72,194,478,733,687,199,-267,-153,126,94,41,99,99,97,128,128,133,145,131,138,179,191,179,196,223,216,235,276,289,296,313,303,315,354,352,327,306,264,213,177,140,102,65,41,29,29,41,53,51,38,41,53,63,75,94,89,65,68,85,80,87,99,89,89,109,109,92]
}

## Polar H10 acclerometer payload

{
  "clientId":"PSL-9795898",
  "deviceId":"CBAFDE27",
  "sessionId":1705329916,
  "sampleRate":25,
  "timeStamp":1705329935575,
  "sensorTimeStamp":599616815414122809,
  "acc":[[-954,15,192],[-951,14,188],[-954,12,190],[-953,4,191],[-952,10,189],[-951,14,186],[-960,10,190],[-950,10,189],[-955,14,185],[-954,20,185],[-960,18,176],[-956,4,183],[-946,2,179],[-949,20,187],[-956,31,182],[-957,18,185],[-956,4,186],[-956,14,187],[-945,15,187],[-948,14,189],[-948,22,182],[-945,22,185],[-964,36,189],[-966,57,159],[-953,37,163],[-965,-1,164],[-951,-52,125],[-944,-38,134],[-943,-23,137],[-969,-13,137],[-975,16,149],[-975,39,139],[-970,55,116],[-962,41,106],[-958,26,107],[-949,31,111]]
}